0 2 2
1 2 4
1 4 5
2 3 5
3 5 2
4 6 7
4 7 8
5 6 2
6 8 5
7 8 5
8 9 6
9 10 7
10 12 7
11 12 4
12 14 6
13 15 4
14 16 5
15 16 5
16 18 3
17 18 3
18 19 7
19 20 7
20 21 4
21 23 8
21 22 9
22 23 1
23 24 2
24 25 3
25 26 4
26 28 5
27 28 3
28 29 3
29 30 3
30 31 2
31 32 2
32 34 8
33 34 8
34 35 9
35 36 7
36 37 6
37 39 5
38 39 4
39 40 4
40 41 3
41 43 3
42 43 6
44 45 5
45 47 6
46 47 5
47 48 4
48 49 3
0 4 15
0 6 20
0 8 25
1 3 9
1 5 20
1 7 35
1 9 45
2 3 30
2 6 18
2 8 22
2 10 40
3 7 25
3 11 8
3 15 15
3 19 30
4 5 12
4 8 22
4 12 50
4 16 20
5 9 17
5 13 35
5 17 25
5 21 20
6 7 29
6 11 8
6 15 15
6 19 30
7 9 19
7 13 28
7 17 29
7 21 35
8 12 14
8 16 28
8 20 40
8 24 45
9 10 21
9 14 38
9 18 48
9 22 50
10 11 7
10 15 30
10 19 35
10 23 40
11 12 23
11 16 35
11 20 45
11 24 50
12 13 26
12 17 40
12 21 45
12 25 50
13 14 31
13 18 45
13 22 48
13 26 50
14 15 24
14 19 40
14 23 45
14 27 50
15 16 37
15 20 40
15 24 45
15 28 50
16 17 40
16 21 45
16 25 50
16 29 50
17 18 43
17 22 45
17 26 50
17 30 50
18 19 46
18 23 48
18 27 50
18 31 50
19 20 49
19 24 50
19 28 50
19 32 50
20 21 5
20 25 30
20 29 35
20 33 40
21 22 32
21 26 35
21 30 40
21 34 45
22 23 11
22 27 30
22 31 35
22 35 40
23 24 17
23 28 30
23 32 35
23 36 40
24 25 23
24 29 30
24 33 35
24 37 40
25 26 39
25 30 40
25 34 45
25 38 50
26 27 28
26 31 30
26 35 35
26 39 45
27 28 43
27 32 30
27 36 35
27 40 45
28 29 30
28 33 35
28 37 40
28 41 45
29 30 30
29 34 35
29 38 40
29 42 45
30 31 46
30 35 45
30 39 50
30 43 50
31 32 50
31 36 45
31 40 50
31 44 50
32 33 50
32 37 45
32 41 50
32 45 50
33 34 50
33 38 45
33 42 50
33 46 50
34 35 50
34 39 45
34 43 50
34 47 50
35 36 50
35 40 45
35 44 50
35 48 50
36 37 50
36 41 45
36 45 50
36 49 50
37 38 50
37 42 45
37 46 50
38 39 50
38 43 45
38 47 50
39 40 50
39 44 45
39 48 50
40 41 50
40 45 45
40 49 50
41 42 50
41 46 45
42 43 50
42 47 45
43 44 50
43 48 45
44 45 50
44 49 45
45 46 50
46 47 50
47 48 50
48 49 50